-24 -64 -57 -69 -65 -79 -75 1
-24 -58 -57 -69 -57 -79 -75 1
-22 -58 -57 -69 -58 -79 -76 1
-22 -61 -57 -69 -65 -79 -71 1
-21 -60 -57 -72 -61 -79 -74 1
-22 -58 -57 -72 -58 -79 -74 1
-21 -61 -57 -74 -62 -80 -75 1
-23 -61 -57 -74 -62 -80 -76 1
-21 -61 -57 -74 -61 -80 -75 1
-21 -61 -57 -70 -61 -80 -75 1
-21 -59 -57 -70 -56 -80 -75 1
-22 -62 -57 -69 -62 -80 -74 1
-25 -56 -57 -69 -67 -80 -74 1
-26 -56 -56 -69 -63 -80 -74 1
-21 -57 -56 -69 -63 -67 -74 1
-23 -57 -56 -69 -59 -67 -74 1
-23 -57 -59 -69 -60 -67 -74 1
-22 -59 -59 -69 -61 -67 -74 1
-23 -57 -59 -69 -56 -80 -73 1
-23 -60 -56 -69 -57 -80 -73 1
-23 -57 -56 -70 -57 -80 -73 1
-45 -62 -56 -70 -58 -80 -73 1
-23 -63 -56 -70 -58 -80 -75 1
-22 -58 -56 -68 -57 -76 -75 1
-21 -57 -56 -67 -57 -76 -75 1
-24 -57 -56 -66 -59 -76 -75 1
-24 -63 -56 -66 -56 -76 -75 1
-24 -58 -63 -66 -57 -76 -75 1
-24 -57 -63 -67 -63 -76 -75 1
-24 -57 -63 -67 -61 -76 -75 1
-21 -60 -63 -69 -65 -76 -75 1
-20 -57 -63 -69 -59 -76 -75 1
-21 -58 -63 -68 -62 -76 -75 1
-20 -61 -63 -68 -62 -76 -75 1
-21 -60 -63 -68 -65 -76 -75 1
-21 -59 -63 -68 -60 -76 -75 1
-21 -59 -58 -70 -58 -78 -71 1
-20 -59 -58 -70 -60 -78 -71 1
-21 -59 -58 -70 -61 -81 -76 1
-20 -62 -58 -70 -59 -76 -76 1
-22 -60 -58 -70 -59 -76 -73 1
-23 -61 -58 -70 -57 -76 -73 1
-45 -57 -60 -67 -54 -78 -67 1
-23 -59 -60 -68 -54 -78 -67 1
-23 -58 -60 -67 -57 -79 -68 1
-23 -60 -60 -67 -54 -74 -68 1
-23 -58 -60 -67 -59 -74 -70 1
-22 -55 -57 -67 -54 -74 -70 1
-21 -58 -58 -67 -52 -74 -70 1
-22 -57 -58 -67 -54 -74 -70 1
-22 -56 -58 -68 -55 -74 -69 1
-22 -57 -58 -68 -57 -74 -69 1
-23 -59 -58 -68 -55 -74 -69 1
-24 -55 -58 -68 -55 -74 -69 1
-24 -60 -58 -68 -57 -74 -69 1
-24 -61 -58 -68 -56 -74 -69 1
-25 -57 -60 -68 -56 -74 -69 1
-25 -57 -60 -69 -56 -74 -69 1
-24 -57 -58 -69 -55 -80 -68 1
-26 -59 -59 -69 -56 -80 -68 1
-24 -60 -59 -69 -55 -80 -69 1
-26 -58 -59 -66 -53 -80 -69 1
-24 -57 -58 -66 -56 -80 -69 1
-25 -58 -60 -67 -53 -80 -69 1
-25 -58 -60 -67 -53 -80 -69 1
-25 -60 -60 -67 -53 -80 -69 1
-26 -60 -60 -67 -53 -80 -69 1
-25 -61 -60 -67 -56 -80 -70 1
-25 -57 -60 -68 -56 -80 -70 1
-27 -57 -60 -67 -54 -80 -70 1
-27 -59 -60 -69 -56 -80 -70 1
-26 -62 -61 -69 -55 -82 -70 1
-26 -60 -61 -69 -55 -82 -70 1
-26 -61 -61 -69 -61 -82 -70 1
-39 -57 -61 -68 -54 -80 -70 1
-25 -56 -60 -68 -56 -76 -68 1
-25 -56 -58 -69 -56 -76 -68 1
-26 -59 -58 -69 -56 -76 -68 1
-39 -59 -58 -68 -56 -76 -68 1
-26 -59 -58 -68 -57 -76 -68 1
-26 -61 -58 -68 -57 -76 -68 1
-45 -57 -58 -69 -57 -76 -68 1
-38 -55 -58 -68 -60 -76 -68 1
-47 -55 -58 -68 -42 -76 -68 1
-28 -66 -64 -68 -58 -75 -69 1
-28 -59 -66 -68 -65 -78 -69 1
-40 -59 -66 -68 -64 -78 -69 1
-28 -61 -66 -68 -58 -78 -69 1
-32 -63 -66 -69 -59 -78 -69 1
-30 -55 -60 -66 -59 -79 -69 1
-29 -62 -60 -67 -58 -79 -69 1
-28 -59 -60 -67 -58 -79 -70 1
-29 -60 -60 -67 -57 -79 -70 1
-29 -59 -60 -67 -59 -79 -70 1
-29 -59 -60 -66 -66 -79 -70 1
-29 -61 -60 -66 -58 -79 -70 1
-28 -61 -61 -66 -57 -79 -70 1
-28 -55 -63 -66 -59 -79 -70 1
-29 -61 -63 -66 -58 -79 -70 1
-29 -60 -63 -66 -59 -76 -68 1
-29 -61 -63 -66 -57 -80 -68 1
-29 -58 -63 -66 -58 -80 -69 1
-45 -60 -63 -66 -59 -80 -70 1
-29 -58 -63 -66 -58 -80 -70 1
-29 -58 -63 -66 -64 -80 -69 1
-28 -60 -63 -67 -66 -80 -69 1
-29 -59 -63 -67 -60 -80 -69 1
-29 -60 -63 -67 -59 -80 -69 1
-30 -60 -63 -67 -57 -79 -69 1
-29 -61 -63 -67 -57 -80 -70 1
-29 -58 -63 -67 -60 -79 -70 1
-28 -61 -63 -67 -59 -79 -70 1
-29 -61 -63 -67 -60 -79 -70 1
-29 -56 -61 -67 -56 -79 -70 1
-29 -62 -61 -67 -57 -79 -70 1
-29 -58 -61 -67 -60 -79 -69 1
-36 -58 -61 -68 -58 -79 -70 1
-40 -62 -61 -68 -58 -79 -70 1
-29 -62 -61 -68 -60 -79 -70 1
-29 -62 -61 -67 -59 -79 -70 1
-29 -57 -59 -66 -60 -79 -70 1
-29 -60 -59 -66 -60 -79 -70 1
-49 -60 -59 -65 -58 -79 -70 1
-29 -60 -59 -65 -58 -79 -69 1
-28 -58 -59 -65 -59 -76 -70 1
-42 -58 -61 -65 -59 -76 -70 1
-28 -59 -60 -67 -65 -76 -68 1
-29 -59 -62 -67 -59 -76 -68 1
-28 -58 -62 -67 -58 -76 -69 1
-28 -59 -62 -67 -58 -76 -69 1
-29 -61 -62 -67 -64 -77 -68 1
-30 -60 -62 -67 -59 -77 -68 1
-28 -59 -62 -67 -59 -77 -68 1
-28 -59 -62 -67 -58 -77 -68 1
-29 -60 -62 -67 -59 -77 -68 1
-44 -60 -62 -67 -60 -77 -68 1
-29 -58 -62 -67 -59 -77 -69 1
-28 -61 -62 -67 -59 -77 -67 1
-42 -63 -62 -67 -61 -77 -68 1
-29 -59 -63 -68 -58 -78 -67 1
-29 -55 -62 -68 -59 -78 -67 1
-29 -61 -62 -68 -58 -78 -69 1
-29 -62 -62 -68 -59 -78 -70 1
-29 -62 -62 -68 -60 -78 -70 1
-34 -61 -62 -68 -65 -78 -70 1
-28 -61 -62 -68 -60 -78 -70 1
-29 -58 -58 -68 -60 -78 -70 1
-28 -60 -58 -68 -60 -78 -70 1
-29 -61 -60 -68 -59 -81 -70 1
-29 -61 -60 -68 -60 -81 -70 1
-28 -62 -60 -66 -60 -81 -70 1
-47 -59 -60 -66 -61 -81 -69 1
-28 -59 -58 -66 -59 -81 -68 1
-28 -59 -60 -66 -59 -81 -68 1
-29 -60 -60 -66 -59 -78 -68 1
-49 -45 -42 -65 -54 -66 -78 2
-52 -41 -42 -67 -48 -66 -78 2
-47 -47 -42 -65 -52 -66 -79 2
-55 -41 -42 -65 -44 -66 -83 2
-52 -38 -42 -63 -49 -66 -83 2
-53 -36 -42 -66 -47 -66 -83 2
-53 -37 -41 -64 -47 -65 -83 2
-53 -36 -41 -64 -46 -65 -83 2
-53 -36 -41 -64 -48 -65 -83 2
-52 -35 -36 -64 -48 -65 -83 2
-56 -35 -36 -64 -47 -65 -83 2
-52 -42 -36 -66 -51 -65 -83 2
-55 -43 -43 -66 -47 -64 -83 2
-53 -34 -43 -65 -45 -64 -83 2
-53 -38 -43 -65 -53 -64 -81 2
-52 -35 -43 -65 -44 -64 -81 2
-52 -38 -43 -65 -46 -64 -81 2
-53 -36 -43 -65 -46 -64 -81 2
-51 -36 -43 -67 -44 -64 -81 2
-52 -36 -42 -67 -46 -64 -79 2
-52 -43 -42 -67 -45 -64 -79 2
-52 -43 -42 -67 -47 -64 -79 2
-54 -35 -42 -66 -44 -65 -79 2
-52 -43 -42 -68 -47 -65 -79 2
-54 -34 -42 -64 -51 -65 -79 2
-53 -41 -42 -67 -44 -64 -79 2
-54 -41 -42 -67 -47 -64 -79 2
-53 -43 -42 -64 -44 -65 -79 2
-52 -34 -42 -65 -50 -65 -79 2
-53 -34 -43 -65 -44 -65 -79 2
-54 -41 -43 -66 -44 -65 -79 2
-51 -35 -43 -66 -44 -65 -79 2
-53 -43 -39 -66 -47 -65 -79 2
-53 -38 -39 -66 -44 -63 -79 2
-53 -38 -39 -66 -47 -63 -79 2
-52 -39 -43 -66 -44 -63 -79 2
-53 -35 -43 -66 -47 -65 -79 2
-52 -36 -43 -66 -44 -65 -79 2
-52 -41 -43 -66 -46 -65 -79 2
-55 -41 -43 -66 -44 -65 -79 2
-52 -43 -43 -66 -48 -65 -79 2
-53 -43 -43 -66 -50 -65 -79 2
-53 -34 -43 -66 -47 -65 -79 2
-53 -43 -43 -66 -44 -65 -79 2
-56 -38 -43 -63 -47 -65 -79 2
-51 -43 -39 -66 -47 -65 -80 2
-54 -43 -35 -65 -47 -61 -80 2
-52 -41 -35 -66 -44 -64 -80 2
-54 -38 -35 -63 -46 -65 -80 2
-52 -38 -35 -63 -47 -61 -82 2
-54 -38 -35 -63 -46 -63 -82 2
-53 -38 -35 -63 -46 -66 -82 2
-51 -44 -42 -63 -47 -63 -81 2
-53 -43 -42 -63 -44 -62 -81 2
-55 -36 -42 -66 -46 -62 -81 2
-53 -35 -43 -64 -44 -61 -81 2
-54 -41 -43 -64 -47 -61 -81 2
-56 -38 -43 -67 -47 -64 -81 2
-54 -41 -43 -66 -46 -64 -81 2
-54 -41 -43 -66 -52 -64 -80 2
-53 -43 -43 -66 -44 -64 -80 2
-54 -43 -43 -66 -46 -64 -80 2
-53 -43 -43 -66 -49 -64 -80 2
-54 -38 -43 -66 -46 -64 -80 2
-54 -43 -43 -66 -47 -64 -77 2
-54 -34 -43 -65 -44 -64 -77 2
-54 -34 -43 -66 -44 -64 -77 2
-53 -42 -43 -66 -44 -64 -79 2
-54 -42 -42 -65 -44 -64 -79 2
-53 -42 -42 -65 -48 -64 -79 2
-53 -35 -42 -66 -48 -65 -79 2
-54 -41 -42 -66 -45 -65 -79 2
-54 -42 -42 -66 -47 -61 -79 2
-54 -42 -42 -66 -47 -61 -79 2
-54 -42 -39 -66 -45 -64 -79 2
-53 -35 -39 -65 -48 -60 -79 2
-54 -42 -39 -65 -45 -64 -79 2
-53 -42 -39 -65 -47 -64 -78 2
-53 -35 -39 -65 -45 -64 -78 2
-54 -43 -39 -65 -46 -65 -78 2
-54 -38 -39 -65 -44 -65 -78 2
-54 -43 -39 -65 -47 -65 -78 2
-54 -38 -39 -65 -44 -64 -78 2
-54 -41 -38 -65 -47 -65 -79 2
-54 -38 -38 -65 -50 -65 -79 2
-53 -34 -38 -65 -46 -63 -80 2
-53 -38 -38 -65 -44 -63 -80 2
-53 -37 -38 -65 -52 -63 -80 2
-54 -43 -38 -65 -49 -63 -80 2
-54 -43 -39 -66 -50 -63 -80 2
-54 -43 -39 -65 -46 -63 -80 2
-54 -42 -39 -66 -44 -63 -77 2
-53 -34 -39 -66 -53 -64 -77 2
-53 -34 -39 -65 -44 -64 -77 2
-54 -37 -39 -66 -46 -64 -77 2
-54 -34 -42 -66 -44 -63 -77 2
-53 -42 -42 -66 -47 -63 -80 2
-53 -38 -42 -66 -50 -63 -80 2
-54 -42 -43 -66 -46 -64 -80 2
-53 -34 -43 -66 -47 -64 -80 2
-53 -42 -43 -66 -44 -65 -80 2
-52 -39 -43 -66 -47 -65 -80 2
-53 -34 -43 -66 -45 -65 -80 2
-54 -38 -42 -66 -44 -64 -80 2
-53 -34 -42 -66 -46 -64 -81 2
-54 -34 -42 -65 -43 -63 -81 2
-53 -41 -42 -65 -46 -65 -81 2
-54 -34 -42 -66 -45 -60 -79 2
-53 -43 -42 -66 -44 -62 -79 2
-54 -41 -42 -65 -47 -62 -79 2
-53 -34 -39 -66 -44 -64 -79 2
-53 -38 -39 -67 -47 -64 -78 2
-54 -42 -39 -67 -45 -64 -78 2
-54 -38 -39 -67 -48 -64 -78 2
-53 -42 -39 -67 -44 -64 -78 2
-53 -35 -39 -67 -44 -67 -78 2
-53 -38 -39 -67 -44 -67 -78 2
-53 -38 -36 -66 -44 -67 -78 2
-54 -36 -36 -66 -47 -66 -78 2
-53 -36 -36 -66 -45 -66 -78 2
-54 -43 -36 -66 -44 -67 -78 2
-54 -39 -36 -67 -51 -67 -78 2
-53 -34 -36 -65 -47 -67 -78 2
-53 -41 -43 -65 -44 -67 -78 2
-53 -42 -43 -65 -46 -67 -78 2
-53 -38 -43 -67 -47 -67 -78 2
-54 -38 -39 -67 -46 -67 -78 2
-54 -35 -39 -66 -44 -67 -78 2
-54 -42 -39 -66 -46 -67 -77 2
-54 -43 -36 -66 -46 -67 -77 2
-54 -42 -36 -66 -44 -66 -77 2
-54 -36 -36 -66 -47 -67 -78 2
-53 -43 -36 -66 -51 -67 -78 2
-54 -43 -36 -66 -46 -67 -78 2
-53 -38 -36 -66 -47 -67 -78 2
-53 -41 -43 -65 -51 -67 -78 2
-53 -38 -43 -65 -46 -68 -77 2
-54 -38 -43 -65 -46 -68 -77 2
-53 -34 -43 -66 -47 -68 -77 2
-54 -41 -43 -66 -44 -67 -77 2
-53 -42 -43 -65 -46 -67 -77 2
-54 -34 -42 -67 -44 -67 -77 2
-54 -34 -42 -66 -47 -67 -77 2
-54 -42 -42 -66 -44 -67 -68 2
-53 -43 -36 -65 -48 -67 -68 2
-53 -34 -36 -65 -45 -67 -68 2
-54 -39 -36 -66 -45 -68 -81 2
-54 -43 -36 -67 -44 -68 -81 2
-53 -38 -36 -67 -47 -68 -81 2
-54 -34 -36 -67 -44 -68 -81 2
-43 -63 -64 -58 -68 -75 -68 3
-47 -62 -64 -61 -67 -74 -68 3
-46 -57 -64 -56 -78 -74 -68 3
-45 -58 -64 -61 -77 -74 -68 3
-45 -55 -64 -61 -77 -74 -68 3
-46 -56 -64 -61 -73 -74 -68 3
-46 -55 -64 -61 -75 -74 -68 3
-50 -59 -64 -61 -68 -72 -68 3
-45 -55 -64 -57 -74 -76 -68 3
-45 -55 -64 -57 -74 -75 -68 3
-46 -56 -64 -61 -66 -75 -68 3
-45 -56 -64 -56 -74 -75 -68 3
-44 -59 -60 -56 -74 -74 -68 3
-45 -57 -60 -61 -74 -74 -68 3
-46 -56 -60 -58 -76 -74 -68 3
-45 -57 -60 -62 -76 -74 -68 3
-44 -57 -60 -56 -76 -74 -68 3
-44 -58 -60 -60 -71 -74 -68 3
-44 -57 -60 -61 -76 -74 -68 3
-45 -59 -60 -60 -73 -74 -68 3
-45 -56 -60 -55 -74 -74 -69 3
-44 -58 -60 -61 -73 -74 -69 3
-45 -59 -60 -61 -76 -76 -69 3
-45 -55 -60 -58 -77 -76 -69 3
-45 -58 -60 -62 -77 -76 -69 3
-45 -57 -60 -62 -75 -76 -69 3
-45 -59 -60 -61 -76 -75 -68 3
-44 -58 -60 -61 -72 -75 -68 3
-44 -56 -56 -61 -79 -75 -68 3
-45 -56 -56 -59 -70 -75 -68 3
-45 -54 -56 -55 -73 -75 -68 3
-45 -54 -56 -61 -73 -75 -68 3
-46 -56 -56 -63 -79 -73 -68 3
-45 -58 -56 -61 -74 -73 -68 3
-46 -58 -56 -58 -76 -72 -68 3
-45 -54 -56 -58 -77 -75 -68 3
-45 -58 -56 -62 -77 -71 -67 3
-45 -58 -56 -57 -77 -71 -67 3
-45 -57 -56 -57 -79 -75 -67 3
-45 -59 -56 -59 -78 -75 -67 3
-45 -54 -56 -62 -76 -71 -68 3
-45 -54 -56 -62 -76 -71 -68 3
-45 -55 -56 -63 -73 -74 -68 3
-45 -54 -56 -62 -75 -74 -68 3
-45 -56 -57 -61 -72 -74 -68 3
-45 -54 -57 -61 -78 -74 -68 3
-45 -55 -57 -61 -76 -75 -68 3
-45 -58 -57 -62 -76 -75 -68 3
-45 -56 -55 -62 -73 -76 -68 3
-45 -54 -55 -61 -79 -76 -67 3
-45 -54 -58 -61 -74 -76 -67 3
-45 -58 -58 -61 -77 -72 -67 3
-46 -57 -58 -62 -77 -72 -67 3
-45 -54 -58 -62 -79 -72 -67 3
-45 -54 -56 -62 -75 -77 -67 3
-45 -54 -56 -62 -76 -74 -67 3
-45 -57 -56 -61 -77 -73 -67 3
-45 -57 -58 -60 -78 -75 -67 3
-45 -55 -58 -60 -79 -76 -67 3
-46 -55 -58 -62 -78 -76 -67 3
-45 -56 -58 -62 -76 -74 -67 3
-45 -55 -55 -61 -76 -74 -67 3
-45 -57 -55 -61 -77 -72 -68 3
-45 -54 -55 -61 -77 -72 -68 3
-44 -56 -54 -60 -77 -72 -68 3
-45 -58 -54 -60 -73 -72 -68 3
-45 -56 -59 -61 -77 -72 -68 3
-45 -56 -59 -61 -76 -76 -68 3
-45 -56 -59 -61 -70 -73 -68 3
-45 -55 -59 -61 -76 -73 -68 3
-45 -55 -59 -60 -76 -73 -68 3
-46 -57 -59 -60 -76 -73 -68 3
-45 -57 -55 -57 -77 -73 -68 3
-46 -57 -55 -57 -71 -73 -68 3
-45 -56 -55 -57 -79 -73 -68 3
-45 -57 -55 -56 -77 -73 -70 3
-45 -60 -55 -57 -76 -73 -70 3
-45 -60 -55 -59 -77 -73 -70 3
-45 -56 -55 -60 -76 -76 -70 3
-49 -60 -55 -58 -72 -76 -70 3
-45 -57 -55 -60 -73 -76 -70 3
-45 -59 -55 -62 -78 -75 -70 3
-45 -57 -55 -61 -75 -75 -69 3
-47 -55 -58 -62 -71 -75 -69 3
-48 -58 -58 -61 -77 -75 -69 3
-45 -57 -58 -61 -73 -75 -69 3
-45 -55 -60 -61 -79 -75 -66 3
-45 -58 -60 -62 -79 -75 -66 3
-45 -58 -60 -61 -79 -76 -66 3
-45 -56 -60 -56 -78 -76 -67 3
-45 -58 -60 -56 -74 -76 -67 3
-45 -56 -60 -62 -79 -76 -68 3
-45 -58 -60 -62 -76 -76 -68 3
-45 -57 -60 -62 -76 -76 -68 3
-46 -58 -60 -61 -77 -76 -68 3
-45 -56 -60 -61 -72 -75 -68 3
-44 -56 -59 -62 -77 -75 -68 3
-45 -56 -59 -61 -77 -75 -67 3
-49 -61 -59 -61 -73 -75 -68 3
-45 -57 -59 -61 -73 -75 -68 3
-45 -59 -54 -61 -76 -75 -68 3
-45 -54 -54 -56 -74 -75 -68 3
-45 -55 -54 -56 -72 -75 -68 3
-45 -56 -54 -57 -68 -75 -68 3
-44 -57 -58 -61 -75 -75 -68 3
-44 -58 -58 -60 -74 -75 -68 3
-47 -59 -58 -61 -75 -74 -68 3
-45 -56 -58 -61 -73 -74 -68 3
-49 -59 -58 -60 -66 -74 -68 3
-44 -55 -58 -56 -71 -74 -68 3
-45 -58 -58 -60 -70 -75 -68 3
-44 -58 -58 -61 -78 -75 -69 3
-47 -57 -58 -61 -78 -75 -69 3
-47 -57 -58 -57 -77 -76 -69 3
-44 -57 -59 -57 -75 -76 -68 3
-50 -56 -59 -62 -75 -76 -68 3
-45 -57 -59 -62 -69 -76 -68 3
-44 -56 -59 -62 -74 -76 -68 3
-46 -57 -59 -62 -68 -76 -68 3
-45 -58 -59 -61 -72 -76 -68 3
-45 -57 -58 -58 -72 -76 -68 3
-46 -59 -58 -56 -68 -76 -68 3
-46 -59 -58 -58 -74 -76 -68 3
-51 -57 -58 -61 -67 -76 -68 3
-46 -56 -58 -61 -66 -76 -69 3
-48 -57 -58 -58 -73 -76 -64 3
-45 -56 -58 -62 -72 -76 -64 3
-46 -57 -58 -60 -75 -76 -64 3
-45 -57 -58 -61 -78 -76 -64 3
-45 -57 -58 -56 -73 -76 -64 3
-45 -56 -58 -61 -78 -71 -64 3
-45 -59 -58 -61 -73 -71 -64 3
-45 -59 -59 -59 -67 -78 -70 3
-45 -56 -59 -60 -73 -78 -70 3
-46 -58 -59 -57 -74 -78 -70 3
-45 -57 -59 -57 -67 -78 -70 3
-46 -59 -59 -60 -79 -78 -67 3
-44 -59 -59 -56 -71 -78 -67 3
-45 -58 -58 -57 -70 -78 -67 3
-45 -57 -58 -60 -70 -78 -67 3
-49 -56 -58 -60 -74 -78 -67 3
-46 -59 -58 -61 -67 -78 -67 3
-46 -57 -58 -61 -79 -78 -67 3
-47 -58 -58 -61 -68 -78 -67 3
-46 -59 -58 -61 -68 -78 -67 3
-47 -57 -58 -61 -73 -78 -68 3
-46 -58 -58 -62 -74 -78 -68 3
-50 -58 -58 -62 -74 -78 -68 3
-47 -59 -58 -60 -67 -78 -68 3
-48 -58 -56 -60 -78 -77 -68 3
-40 -56 -61 -68 -66 -66 -72 3
-40 -59 -61 -68 -62 -66 -72 3
-41 -62 -61 -70 -62 -67 -72 3
-40 -56 -61 -70 -71 -71 -72 3
-40 -56 -55 -70 -65 -66 -72 3
-41 -54 -53 -68 -65 -66 -72 3
-41 -60 -53 -68 -61 -66 -70 3
-40 -52 -53 -68 -65 -64 -70 3
-41 -57 -53 -68 -71 -66 -70 3
-41 -51 -59 -68 -65 -66 -70 3
-39 -60 -59 -69 -61 -66 -71 3
-40 -54 -59 -71 -64 -68 -71 3
-41 -54 -59 -70 -66 -73 -71 3
-41 -60 -59 -68 -66 -68 -71 3
-42 -56 -59 -68 -62 -67 -71 3
-39 -62 -59 -69 -61 -67 -71 3
-40 -53 -59 -69 -60 -67 -71 3
-40 -53 -59 -69 -65 -67 -71 3
-40 -54 -59 -69 -67 -67 -70 3
-40 -55 -59 -68 -63 -67 -71 3
-41 -64 -59 -68 -63 -67 -71 3
-40 -64 -57 -68 -65 -72 -71 3
-40 -52 -57 -68 -65 -69 -73 3
-40 -55 -57 -69 -66 -66 -73 3
-40 -60 -57 -69 -65 -65 -73 3
-41 -60 -57 -69 -66 -67 -73 3
-40 -53 -57 -69 -66 -66 -72 3
-41 -63 -57 -70 -66 -67 -72 3
-40 -53 -61 -70 -66 -68 -72 3
-40 -53 -50 -70 -65 -67 -74 3
-40 -60 -50 -70 -73 -67 -74 3
-41 -60 -50 -70 -67 -69 -73 3
-40 -58 -59 -70 -73 -69 -73 3
-40 -58 -59 -70 -67 -72 -73 3
-40 -54 -59 -70 -62 -67 -73 3
-40 -60 -59 -70 -62 -68 -71 3
-41 -60 -59 -69 -68 -69 -71 3
-41 -61 -59 -69 -71 -69 -71 3
-40 -60 -59 -69 -67 -68 -71 3
-41 -61 -59 -69 -63 -67 -74 3
-42 -55 -59 -68 -65 -68 -74 3
-39 -57 -59 -68 -63 -66 -74 3
-40 -54 -59 -68 -67 -68 -74 3
-40 -55 -59 -68 -62 -69 -74 3
-41 -61 -59 -68 -66 -68 -73 3
-41 -60 -59 -68 -62 -70 -73 3
-41 -52 -59 -69 -71 -65 -73 3
-40 -60 -59 -70 -71 -65 -73 3
-41 -54 -59 -68 -65 -66 -73 3
-42 -52 -53 -66 -67 -67 -71 3
-39 -59 -53 -66 -64 -65 -71 3
-32 -59 -57 -67 -65 -71 -70 1
-40 -53 -57 -70 -61 -71 -70 1
-47 -53 -57 -70 -59 -71 -70 1
-33 -60 -57 -74 -59 -71 -67 1
-43 -54 -57 -74 -56 -71 -67 1
-43 -50 -53 -73 -52 -71 -72 1
-30 -56 -53 -73 -64 -65 -72 1
-33 -51 -53 -75 -51 -65 -72 1
-33 -50 -53 -79 -56 -69 -72 1
-41 -54 -53 -75 -64 -71 -72 1
-37 -55 -53 -72 -50 -71 -72 1
-27 -53 -53 -73 -50 -71 -72 1
-31 -55 -53 -69 -50 -71 -72 1
-35 -55 -53 -67 -54 -71 -72 1
-34 -53 -55 -69 -60 -71 -72 1
-33 -54 -55 -69 -60 -69 -72 1
-32 -56 -55 -72 -54 -71 -72 1
-34 -56 -55 -74 -60 -69 -72 1
-33 -55 -55 -71 -61 -69 -68 1
-34 -53 -56 -72 -52 -69 -68 1
-33 -53 -56 -69 -57 -66 -68 1
-33 -52 -56 -69 -52 -70 -68 1
-33 -54 -56 -70 -70 -71 -68 1
-33 -51 -56 -71 -63 -71 -67 1
-34 -53 -56 -71 -52 -72 -68 1
-33 -53 -56 -71 -53 -71 -68 1
-48 -53 -56 -72 -58 -72 -67 1
-33 -55 -56 -70 -51 -73 -67 1
-33 -56 -56 -73 -68 -73 -67 1
-33 -55 -56 -72 -64 -73 -67 1
-33 -54 -56 -72 -67 -72 -67 1
-33 -53 -56 -69 -67 -70 -66 1
-33 -55 -55 -71 -71 -67 -66 1
-33 -55 -55 -72 -66 -71 -66 1
-33 -54 -55 -72 -67 -71 -66 1
-35 -56 -55 -72 -52 -71 -66 1
-33 -55 -56 -72 -54 -71 -68 1
-36 -53 -56 -71 -54 -71 -68 1
-33 -56 -56 -71 -54 -71 -69 1
-33 -52 -56 -72 -53 -71 -68 1
-33 -56 -56 -72 -54 -71 -68 1
-33 -56 -56 -72 -68 -71 -68 1
-33 -52 -56 -71 -54 -71 -68 1
-33 -52 -56 -72 -54 -71 -68 1
-33 -56 -56 -71 -54 -71 -67 1
-34 -57 -56 -73 -53 -71 -67 1
-34 -52 -56 -73 -64 -71 -67 1
-33 -56 -56 -73 -64 -71 -67 1
-33 -56 -56 -73 -64 -71 -67 1
-33 -53 -56 -73 -61 -71 -69 1
-33 -53 -56 -72 -64 -71 -68 1
-33 -55 -56 -73 -60 -71 -68 1
-33 -52 -56 -72 -56 -71 -68 1
-33 -53 -56 -71 -53 -70 -66 1
-33 -56 -56 -72 -54 -72 -68 1
-33 -54 -56 -72 -58 -70 -67 1
-33 -54 -56 -72 -63 -70 -69 1
-33 -55 -56 -72 -63 -69 -69 1
-33 -53 -57 -72 -62 -70 -69 1
-34 -53 -55 -72 -67 -67 -69 1
-33 -56 -56 -72 -68 -71 -68 1
-33 -51 -56 -72 -53 -67 -67 1
-33 -52 -56 -72 -63 -67 -67 1
-33 -53 -56 -72 -63 -67 -66 1
-33 -52 -56 -73 -61 -67 -66 1
-33 -52 -56 -72 -54 -71 -66 1
-33 -55 -56 -71 -53 -71 -67 1
-34 -54 -56 -72 -59 -71 -67 1
-33 -54 -56 -72 -55 -71 -68 1
-33 -56 -56 -72 -54 -71 -63 1
-44 -55 -56 -72 -61 -71 -63 1
-33 -55 -53 -72 -55 -71 -63 1
-33 -54 -53 -72 -54 -71 -63 1
-33 -56 -53 -72 -66 -67 -68 1
-33 -54 -53 -71 -70 -67 -68 1
-33 -52 -53 -71 -55 -67 -68 1
-33 -52 -53 -71 -62 -66 -68 1
-33 -52 -53 -71 -62 -70 -67 1
-32 -52 -53 -73 -69 -70 -67 1
-43 -53 -53 -71 -61 -69 -67 1
-33 -52 -53 -68 -61 -68 -67 1
-33 -55 -53 -69 -56 -68 -67 1
-33 -54 -53 -69 -54 -67 -67 1
-32 -56 -53 -72 -59 -67 -67 1
-33 -53 -53 -71 -59 -71 -67 1
-33 -51 -57 -74 -53 -71 -69 1
-33 -55 -57 -74 -60 -72 -69 1
-33 -53 -57 -75 -52 -72 -69 1
-33 -52 -57 -75 -58 -66 -69 1
-33 -53 -57 -73 -67 -66 -69 1
-33 -53 -53 -72 -54 -71 -69 1
-33 -52 -53 -73 -54 -72 -69 1
-34 -54 -53 -73 -58 -71 -70 1
-34 -53 -53 -73 -53 -66 -68 1
-33 -56 -53 -72 -51 -72 -68 1
-33 -53 -53 -71 -53 -73 -68 1
-36 -53 -53 -70 -54 -67 -67 1
-36 -56 -53 -70 -57 -70 -68 1
-46 -52 -53 -77 -54 -66 -68 1
-30 -54 -53 -70 -57 -74 -68 1
-34 -56 -53 -70 -65 -64 -68 1
-36 -53 -53 -70 -68 -70 -68 1
-30 -57 -53 -78 -69 -67 -68 1
-31 -52 -53 -77 -65 -67 -68 1
-28 -58 -53 -72 -68 -69 -68 1
-33 -51 -53 -74 -56 -69 -68 1
-39 -52 -53 -78 -73 -74 -68 1
-35 -54 -57 -72 -58 -66 -68 1
-32 -52 -57 -74 -59 -65 -68 1
-41 -54 -57 -72 -66 -66 -68 1
-44 -54 -57 -74 -60 -66 -68 1
-35 -54 -54 -71 -59 -66 -68 1
-46 -59 -60 -72 -50 -66 -68 1
-44 -54 -60 -72 -58 -66 -68 1
-40 -54 -60 -72 -60 -68 -68 1
-40 -55 -60 -72 -58 -67 -69 1
-38 -55 -54 -71 -51 -67 -69 1
-41 -54 -56 -74 -52 -67 -68 1
-35 -53 -56 -75 -55 -70 -68 1
-34 -55 -56 -75 -55 -72 -68 1
-36 -55 -56 -74 -52 -72 -68 1
-35 -55 -56 -74 -58 -72 -68 1
-32 -55 -56 -75 -52 -72 -70 1
-42 -54 -56 -75 -52 -71 -65 1
-34 -57 -56 -75 -56 -66 -65 1
-34 -54 -56 -68 -52 -66 -65 1
-39 -57 -56 -72 -50 -66 -65 1
-35 -56 -54 -73 -58 -70 -69 1
-34 -54 -53 -71 -61 -72 -72 1
-33 -54 -53 -71 -49 -74 -72 1
-33 -57 -53 -69 -48 -72 -70 1
-34 -57 -53 -68 -49 -71 -70 1
-34 -53 -53 -72 -60 -71 -70 1
-36 -54 -53 -73 -48 -72 -70 1
-41 -54 -53 -69 -54 -72 -70 1
-33 -57 -53 -68 -50 -71 -70 1
-32 -53 -53 -66 -55 -71 -70 1
-32 -55 -53 -66 -57 -65 -70 1
-31 -52 -53 -66 -51 -65 -70 1
-32 -54 -53 -66 -51 -69 -70 1
-31 -54 -53 -67 -54 -71 -70 1
-32 -53 -53 -66 -53 -71 -70 1
-31 -54 -54 -66 -51 -72 -70 1
-32 -53 -54 -67 -50 -72 -70 1
-31 -55 -54 -67 -51 -71 -72 1
-31 -55 -54 -67 -49 -71 -72 1
-32 -54 -54 -66 -56 -71 -72 1
-32 -54 -54 -66 -53 -71 -72 1
-32 -52 -54 -67 -52 -71 -72 1
-32 -55 -54 -66 -52 -71 -72 1
-37 -52 -57 -68 -60 -77 -66 3
-44 -53 -57 -68 -57 -77 -64 3
-38 -52 -57 -68 -62 -77 -64 3
-37 -54 -57 -66 -59 -77 -64 3
-37 -54 -57 -66 -60 -77 -64 3
-37 -54 -57 -67 -60 -77 -63 3
-37 -54 -57 -67 -60 -71 -66 3
-37 -54 -57 -67 -60 -71 -66 3
-37 -54 -57 -52 -60 -71 -66 3
-37 -51 -57 -67 -61 -71 -66 3
-37 -50 -57 -67 -61 -71 -66 3
-36 -54 -57 -67 -60 -71 -65 3
-36 -50 -57 -67 -61 -71 -64 3
-50 -54 -51 -67 -61 -71 -66 3
-46 -49 -51 -67 -61 -73 -65 3
-36 -51 -51 -67 -60 -73 -65 3
-36 -51 -51 -67 -61 -73 -65 3
-46 -55 -51 -67 -61 -73 -65 3
-36 -55 -51 -66 -61 -73 -65 3
-37 -55 -51 -67 -59 -74 -65 3
-37 -55 -51 -66 -62 -74 -65 3
-36 -56 -51 -67 -60 -74 -65 3
-36 -54 -51 -67 -61 -68 -65 3
-38 -53 -51 -67 -62 -72 -65 3
-37 -50 -51 -68 -67 -72 -65 3
-37 -51 -52 -69 -61 -72 -65 3
-44 -51 -52 -68 -61 -72 -64 3
-36 -54 -52 -68 -62 -72 -64 3
-36 -55 -52 -68 -67 -72 -64 3
-47 -50 -52 -68 -62 -72 -64 3
-36 -55 -52 -68 -61 -72 -64 3
-37 -53 -52 -68 -61 -72 -64 3
-37 -50 -52 -68 -60 -72 -64 3
-37 -54 -55 -68 -60 -72 -64 3
-36 -51 -55 -68 -59 -76 -65 3
-47 -55 -55 -68 -63 -73 -65 3
-49 -54 -55 -68 -59 -69 -65 3
-48 -54 -55 -68 -62 -69 -65 3
-37 -54 -55 -68 -60 -69 -65 3
-36 -54 -55 -68 -61 -70 -65 3
-36 -49 -55 -68 -67 -75 -64 3
-36 -53 -55 -68 -60 -70 -64 3
-36 -54 -55 -68 -66 -70 -63 3
-36 -52 -54 -68 -67 -70 -65 3
-36 -52 -54 -68 -62 -70 -65 3
-37 -54 -54 -68 -61 -70 -65 3
-36 -55 -54 -68 -62 -70 -64 3
-37 -54 -54 -67 -61 -70 -64 3
-36 -54 -54 -69 -60 -70 -65 3
-36 -55 -54 -69 -61 -70 -65 3
-36 -54 -54 -69 -62 -70 -65 3
-36 -51 -54 -69 -67 -70 -65 3
-36 -51 -54 -69 -59 -69 -65 3
-36 -51 -54 -69 -67 -69 -65 3
-36 -54 -54 -69 -67 -74 -65 3
-35 -50 -54 -69 -67 -67 -65 3
-36 -54 -54 -69 -67 -69 -65 3
-36 -55 -54 -69 -61 -70 -65 3
-36 -51 -54 -69 -59 -70 -65 3
-47 -54 -52 -68 -61 -70 -65 3
-36 -52 -52 -68 -67 -69 -65 3
-36 -50 -52 -68 -61 -69 -65 3
-35 -53 -52 -68 -61 -68 -65 3
-36 -56 -52 -68 -61 -68 -65 3
-42 -55 -52 -68 -61 -68 -65 3
-36 -51 -52 -68 -61 -73 -67 3
-37 -50 -51 -69 -60 -73 -64 3
-36 -50 -51 -69 -60 -73 -64 3
-36 -50 -51 -69 -60 -73 -66 3
-36 -51 -51 -69 -63 -73 -67 3
-37 -54 -51 -69 -61 -73 -67 3
-37 -51 -54 -69 -62 -74 -66 3
-37 -54 -50 -63 -59 -74 -66 3
-37 -52 -51 -69 -60 -74 -63 3
-37 -54 -51 -69 -60 -74 -63 3
-37 -52 -51 -69 -63 -74 -63 3
-36 -51 -51 -69 -63 -73 -63 3
-36 -51 -53 -69 -62 -75 -63 3
-37 -54 -53 -68 -60 -75 -66 3
-36 -55 -53 -68 -62 -68 -66 3
-37 -55 -53 -68 -62 -68 -66 3
-37 -52 -53 -68 -68 -68 -66 3
-36 -54 -53 -68 -61 -73 -66 3
-37 -50 -55 -68 -61 -73 -66 3
-37 -53 -55 -66 -60 -73 -66 3
-36 -53 -55 -69 -60 -74 -65 3
-37 -54 -55 -69 -62 -74 -65 3
-37 -52 -55 -69 -59 -74 -65 3
-36 -51 -52 -69 -62 -74 -65 3
-36 -51 -52 -66 -59 -73 -64 3
-36 -52 -52 -64 -60 -73 -64 3
-36 -54 -52 -64 -60 -73 -65 3
-36 -54 -52 -64 -67 -73 -65 3
-36 -53 -52 -64 -61 -73 -65 3
-48 -55 -52 -64 -62 -67 -65 3
-36 -54 -52 -70 -62 -67 -65 3
-36 -55 -52 -70 -67 -67 -65 3
-37 -54 -52 -70 -67 -67 -65 3
-36 -54 -54 -70 -67 -68 -67 3
-35 -54 -54 -70 -67 -68 -67 3
-50 -53 -54 -70 -61 -68 -67 3
-37 -54 -50 -70 -61 -68 -67 3
-37 -51 -50 -70 -62 -68 -67 3
-48 -54 -50 -70 -60 -68 -67 3
-36 -51 -50 -67 -60 -68 -67 3
-37 -53 -50 -67 -59 -68 -67 3
-37 -51 -50 -67 -66 -68 -67 3
-36 -53 -51 -67 -61 -68 -67 3
-36 -55 -51 -67 -61 -76 -65 3
-36 -52 -51 -66 -61 -75 -65 3
-43 -55 -51 -66 -59 -70 -65 3
-37 -51 -52 -66 -60 -70 -65 3
-37 -51 -54 -66 -60 -69 -66 3
-37 -55 -54 -66 -60 -74 -66 3
-37 -50 -54 -68 -60 -74 -66 3
-36 -53 -54 -68 -60 -70 -66 3
-36 -55 -55 -68 -61 -67 -66 3
-36 -51 -55 -68 -62 -67 -66 3
-36 -50 -54 -68 -67 -67 -66 3
-36 -50 -54 -68 -60 -69 -66 3
-36 -53 -54 -66 -59 -69 -66 3
-35 -52 -54 -66 -61 -69 -66 3
-36 -55 -54 -67 -60 -69 -66 3
-36 -56 -54 -67 -59 -69 -66 3
-37 -52 -54 -67 -63 -69 -66 3
-36 -50 -54 -67 -63 -69 -66 3
-36 -52 -54 -66 -62 -69 -64 3
-45 -55 -54 -66 -61 -69 -66 3
-36 -51 -54 -70 -62 -69 -66 3
-36 -55 -54 -68 -61 -69 -66 3
-37 -50 -54 -68 -61 -69 -66 3
-36 -51 -54 -68 -59 -69 -64 3
-36 -52 -55 -68 -59 -72 -63 3
-37 -55 -55 -68 -62 -72 -65 3
-37 -56 -55 -68 -65 -72 -64 3
-48 -50 -55 -68 -67 -72 -65 3
-37 -55 -55 -68 -60 -72 -65 3
-36 -55 -55 -68 -60 -72 -65 3
-36 -52 -52 -67 -61 -68 -65 3
-36 -54 -52 -67 -62 -69 -66 3
-37 -52 -52 -67 -67 -68 -66 3
-37 -51 -52 -67 -61 -68 -66 3
-36 -55 -52 -67 -59 -68 -66 3
-37 -55 -54 -67 -62 -73 -66 3
-37 -52 -54 -65 -61 -68 -66 3
-37 -52 -54 -65 -67 -69 -66 3
-37 -54 -54 -68 -60 -68 -66 3
-37 -53 -54 -68 -67 -68 -66 3
-36 -54 -54 -68 -67 -68 -66 3
-36 -49 -54 -68 -62 -68 -66 3
-54 -52 -51 -67 -45 -70 -70 2
-58 -52 -51 -67 -46 -59 -70 2
-58 -45 -51 -67 -50 -59 -70 2
-61 -47 -51 -67 -46 -59 -77 2
-59 -45 -51 -67 -44 -59 -77 2
-58 -44 -46 -67 -43 -59 -77 2
-61 -44 -46 -67 -46 -67 -77 2
-55 -52 -46 -71 -44 -67 -77 2
-61 -44 -46 -71 -47 -67 -77 2
-60 -44 -47 -71 -44 -67 -77 2
-59 -46 -47 -70 -45 -67 -77 2
-60 -46 -47 -70 -44 -67 -75 2
-59 -47 -47 -70 -46 -67 -75 2
-59 -52 -47 -70 -43 -67 -75 2
-62 -52 -47 -70 -43 -67 -76 2
-61 -47 -46 -70 -52 -67 -76 2
-61 -43 -46 -70 -52 -66 -76 2
-62 -52 -46 -69 -43 -66 -75 2
-62 -45 -46 -69 -46 -66 -75 2
-62 -45 -52 -69 -43 -66 -75 2
-63 -44 -52 -69 -44 -63 -75 2
-62 -46 -52 -69 -47 -63 -75 2
-62 -46 -44 -69 -51 -63 -75 2
-63 -45 -44 -69 -52 -63 -75 2
-63 -52 -44 -69 -43 -66 -75 2
-63 -52 -44 -69 -44 -66 -75 2
-62 -46 -44 -69 -46 -66 -75 2
-61 -53 -44 -70 -43 -67 -75 2
-61 -45 -44 -71 -46 -67 -75 2
-61 -43 -44 -71 -43 -67 -75 2
-61 -52 -44 -71 -43 -67 -75 2
-60 -52 -44 -70 -46 -61 -75 2
-61 -43 -44 -70 -45 -61 -75 2
-61 -44 -44 -70 -46 -61 -75 2
-61 -46 -44 -70 -43 -61 -75 2
-62 -52 -52 -70 -46 -61 -75 2
-62 -52 -52 -70 -46 -61 -75 2
-60 -45 -52 -69 -43 -61 -75 2
-62 -45 -52 -69 -46 -61 -75 2
-61 -45 -52 -69 -44 -61 -75 2
-61 -52 -52 -69 -44 -61 -75 2
-62 -43 -52 -69 -46 -61 -75 2
-60 -45 -52 -69 -46 -61 -75 2
-61 -45 -52 -69 -46 -61 -75 2
-60 -47 -52 -69 -46 -61 -75 2
-62 -52 -52 -69 -43 -61 -75 2
-61 -52 -52 -69 -44 -61 -75 2
-61 -46 -52 -69 -47 -61 -75 2
-61 -45 -52 -69 -45 -61 -75 2
-61 -45 -52 -69 -46 -61 -75 2
-61 -47 -52 -69 -43 -61 -78 2
-61 -43 -52 -69 -45 -61 -78 2
-61 -43 -52 -69 -43 -63 -78 2
-61 -45 -52 -69 -46 -63 -78 2
-61 -43 -52 -69 -50 -63 -78 2
-60 -45 -52 -69 -43 -63 -78 2
-65 -47 -52 -69 -43 -63 -78 2
-62 -44 -52 -71 -46 -63 -78 2
-62 -52 -52 -72 -46 -63 -78 2
-64 -43 -52 -71 -45 -64 -75 2
-64 -44 -52 -71 -43 -59 -75 2
-62 -43 -52 -71 -46 -59 -75 2
-62 -52 -46 -71 -43 -64 -75 2
-62 -45 -46 -71 -46 -64 -75 2
-58 -47 -46 -71 -44 -64 -75 2
-59 -52 -46 -71 -46 -64 -75 2
-60 -46 -46 -70 -46 -64 -75 2
-60 -46 -46 -72 -43 -64 -75 2
-62 -45 -46 -72 -51 -64 -75 2
-62 -45 -47 -72 -45 -64 -75 2
-61 -52 -47 -72 -43 -64 -75 2
-62 -43 -47 -72 -46 -64 -75 2
-62 -45 -45 -72 -43 -64 -75 2
-62 -45 -45 -73 -46 -65 -74 2
-62 -52 -45 -73 -50 -65 -74 2
-61 -47 -46 -73 -43 -63 -74 2
-61 -47 -46 -73 -44 -63 -74 2
-62 -46 -46 -73 -46 -58 -74 2
-62 -46 -46 -73 -43 -65 -74 2
-61 -52 -46 -73 -46 -65 -74 2
-61 -44 -46 -73 -51 -59 -74 2
-62 -45 -46 -72 -43 -65 -74 2
-62 -46 -46 -70 -52 -64 -76 2
-63 -43 -46 -70 -46 -66 -76 2
-62 -43 -46 -73 -50 -65 -76 2
-62 -47 -46 -73 -47 -65 -76 2
-61 -47 -46 -73 -43 -65 -76 2
-61 -44 -46 -73 -43 -61 -76 2
-61 -46 -46 -73 -49 -62 -76 2
-61 -52 -46 -72 -44 -62 -76 2
-61 -43 -46 -71 -45 -62 -76 2
-62 -47 -46 -72 -43 -62 -76 2
-61 -46 -46 -71 -46 -62 -76 2
-61 -46 -44 -71 -44 -62 -76 2
-62 -47 -44 -71 -46 -62 -76 2
-61 -44 -44 -71 -44 -60 -76 2
-62 -43 -44 -71 -43 -60 -79 2
-60 -47 -44 -71 -43 -60 -79 2
-61 -47 -44 -71 -45 -60 -77 2
-61 -47 -47 -69 -44 -60 -77 2
-62 -43 -47 -69 -43 -60 -77 2
-61 -52 -47 -69 -44 -64 -75 2
-62 -52 -47 -69 -45 -62 -75 2
-61 -45 -47 -69 -49 -62 -75 2
-59 -47 -47 -69 -46 -64 -75 2
-61 -53 -44 -69 -46 -64 -75 2
-60 -45 -44 -69 -43 -64 -75 2
-61 -52 -44 -71 -43 -64 -75 2
-60 -47 -44 -70 -47 -64 -75 2
-61 -46 -52 -70 -46 -64 -75 2
-60 -44 -52 -71 -44 -64 -75 2
-61 -45 -52 -72 -46 -64 -75 2
-60 -47 -44 -72 -46 -62 -75 2
-60 -44 -47 -72 -43 -62 -75 2
-60 -46 -47 -72 -46 -62 -75 2
-61 -52 -47 -72 -45 -62 -75 2
-62 -46 -47 -72 -43 -58 -75 2
-61 -52 -47 -72 -46 -58 -75 2
-60 -45 -47 -72 -44 -61 -75 2
-59 -44 -48 -73 -47 -61 -78 2
-62 -53 -48 -73 -52 -63 -78 2
-62 -52 -48 -73 -43 -63 -78 2
-61 -43 -44 -73 -45 -63 -78 2
-62 -47 -44 -73 -44 -63 -78 2
-62 -52 -44 -71 -46 -63 -78 2
-62 -47 -44 -71 -43 -63 -78 2
-60 -52 -44 -71 -46 -63 -78 2
-59 -52 -44 -71 -44 -63 -78 2
-59 -44 -44 -70 -46 -63 -78 2
-60 -44 -45 -70 -46 -61 -74 2
-60 -47 -45 -70 -50 -61 -74 2
-60 -45 -45 -70 -43 -64 -74 2
-61 -43 -46 -70 -46 -64 -74 2
-61 -45 -46 -70 -43 -64 -74 2
-62 -44 -46 -70 -52 -64 -74 2
-62 -52 -46 -70 -45 -64 -74 2
-61 -46 -46 -70 -43 -64 -74 2
-61 -52 -46 -70 -46 -64 -74 2
-62 -43 -46 -70 -45 -61 -74 2
-61 -47 -44 -70 -47 -61 -74 2
-61 -44 -44 -69 -43 -61 -74 2
-61 -44 -44 -69 -43 -61 -74 2
-62 -52 -44 -69 -44 -61 -74 2
-62 -44 -52 -69 -46 -63 -76 2
-60 -52 -52 -71 -43 -61 -76 2
-60 -43 -52 -71 -46 -61 -76 2
-59 -44 -52 -71 -44 -61 -76 2
-61 -46 -52 -71 -46 -61 -76 2
-60 -46 -52 -71 -52 -63 -76 2
-60 -52 -52 -70 -43 -60 -76 2
-40 -51 -51 -72 -51 -69 -77 4
-41 -42 -46 -71 -56 -61 -73 4
-44 -55 -46 -71 -50 -59 -73 4
-40 -55 -46 -71 -57 -59 -73 4
-39 -43 -46 -71 -53 -58 -73 4
-38 -40 -46 -72 -55 -60 -77 4
-37 -45 -46 -66 -63 -60 -77 4
-36 -51 -46 -70 -67 -60 -75 4
-39 -51 -42 -71 -54 -60 -75 4
-48 -50 -42 -76 -56 -60 -75 4
-36 -42 -42 -76 -52 -60 -75 4
-37 -41 -42 -76 -57 -60 -75 4
-37 -42 -42 -76 -52 -73 -71 4
-36 -42 -42 -76 -57 -73 -71 4
-37 -50 -42 -76 -53 -73 -71 4
-36 -41 -42 -76 -57 -73 -71 4
-36 -40 -42 -76 -58 -71 -71 4
-37 -49 -43 -76 -57 -71 -71 4
-36 -41 -43 -81 -59 -74 -71 4
-37 -41 -43 -81 -58 -74 -71 4
-36 -50 -43 -73 -58 -74 -71 4
-45 -42 -43 -75 -64 -71 -71 4
-37 -43 -43 -75 -61 -71 -71 4
-37 -43 -43 -75 -65 -71 -71 4
-37 -50 -43 -75 -58 -71 -71 4
-37 -45 -43 -75 -60 -71 -71 4
-38 -46 -43 -75 -54 -72 -67 4
-41 -52 -45 -75 -58 -72 -67 4
-36 -41 -45 -75 -53 -72 -73 4
-37 -39 -45 -75 -59 -72 -73 4
-43 -53 -52 -75 -58 -72 -73 4
-38 -51 -52 -79 -55 -72 -74 4
-36 -51 -52 -79 -57 -72 -74 4
-37 -42 -52 -79 -56 -72 -74 4
-36 -46 -52 -77 -64 -72 -74 4
-37 -45 -52 -77 -58 -72 -74 4
-36 -52 -52 -77 -60 -72 -74 4
-36 -41 -52 -75 -56 -72 -74 4
-42 -51 -51 -75 -56 -72 -74 4
-36 -51 -51 -75 -56 -63 -74 4
-38 -52 -51 -75 -59 -73 -74 4
-38 -40 -51 -75 -59 -73 -74 4
-38 -40 -51 -75 -59 -73 -74 4
-38 -39 -51 -75 -60 -73 -73 4
-38 -51 -42 -75 -55 -73 -73 4
-37 -46 -42 -75 -59 -73 -73 4
-37 -40 -51 -75 -58 -73 -73 4
-46 -39 -51 -75 -57 -73 -73 4
-38 -45 -51 -76 -56 -73 -73 4
-38 -46 -41 -76 -56 -73 -73 4
-38 -45 -41 -76 -60 -73 -73 4
-39 -40 -41 -76 -56 -73 -73 4
-38 -42 -41 -76 -59 -73 -73 4
-38 -40 -41 -76 -57 -73 -73 4
-42 -41 -41 -76 -65 -73 -74 4
-37 -43 -45 -76 -55 -63 -74 4
-37 -51 -45 -76 -59 -64 -74 4
-37 -44 -45 -77 -65 -63 -73 4
-36 -41 -45 -77 -57 -63 -73 4
-39 -41 -45 -77 -65 -64 -73 4
-38 -52 -45 -77 -58 -75 -73 4
-38 -46 -42 -77 -65 -61 -73 4
-38 -46 -42 -77 -52 -62 -73 4
-38 -51 -51 -77 -60 -62 -75 4
-38 -51 -51 -77 -59 -62 -75 4
-37 -41 -51 -77 -57 -63 -75 4
-39 -47 -49 -75 -54 -62 -75 4
-38 -40 -49 -75 -59 -63 -75 4
-38 -51 -49 -75 -55 -61 -75 4
-38 -51 -49 -75 -58 -61 -80 4
-49 -39 -49 -75 -58 -62 -80 4
-37 -45 -49 -75 -57 -62 -80 4
-38 -45 -49 -75 -56 -62 -80 4
-39 -40 -49 -75 -56 -62 -80 4
-38 -41 -49 -75 -58 -62 -80 4
-36 -40 -49 -75 -53 -61 -80 4
-36 -51 -49 -75 -53 -61 -80 4
-41 -45 -51 -75 -60 -61 -76 4
-37 -51 -51 -75 -56 -62 -76 4
-38 -47 -51 -75 -57 -63 -76 4
-37 -38 -51 -75 -62 -63 -74 4
-37 -44 -51 -73 -59 -64 -74 4
-47 -44 -51 -73 -57 -63 -74 4
-36 -51 -40 -76 -64 -63 -75 4
-37 -44 -40 -76 -59 -63 -75 4
-37 -50 -40 -76 -57 -63 -75 4
-37 -45 -41 -75 -61 -63 -72 4
-36 -41 -41 -75 -57 -63 -72 4
-36 -41 -41 -75 -56 -63 -72 4
-46 -40 -41 -73 -56 -63 -75 4
-37 -40 -41 -73 -64 -63 -75 4
-37 -41 -41 -73 -60 -63 -75 4
-37 -47 -51 -73 -56 -63 -75 4
-37 -40 -51 -74 -57 -63 -74 4
-36 -46 -51 -74 -60 -63 -74 4
-37 -45 -50 -74 -60 -63 -74 4
-37 -53 -50 -74 -64 -63 -74 4
-38 -41 -50 -74 -64 -63 -74 4
-49 -45 -45 -74 -57 -63 -74 4
-38 -40 -45 -74 -63 -63 -74 4
-38 -51 -45 -74 -55 -63 -74 4
-36 -51 -45 -74 -58 -63 -74 4
-36 -40 -45 -74 -60 -63 -74 4
-38 -46 -45 -74 -59 -63 -74 4
-37 -47 -42 -73 -56 -63 -74 4
-38 -43 -42 -73 -57 -63 -74 4
-35 -44 -42 -73 -55 -63 -74 4
-37 -50 -42 -78 -62 -63 -74 4
-37 -42 -42 -78 -52 -63 -74 4
-37 -41 -42 -78 -52 -63 -74 4
-38 -48 -42 -76 -57 -63 -73 4
-36 -50 -42 -76 -56 -63 -73 4
-36 -41 -42 -71 -58 -63 -70 4
-37 -50 -42 -71 -53 -63 -70 4
-37 -50 -42 -74 -55 -63 -70 4
-37 -50 -42 -74 -54 -63 -70 4
-39 -50 -42 -74 -63 -74 -70 4
-37 -40 -42 -74 -53 -74 -70 4
-36 -40 -41 -70 -58 -74 -70 4
-37 -41 -41 -72 -54 -74 -68 4
-36 -50 -41 -72 -57 -74 -68 4
-36 -40 -41 -72 -58 -79 -70 4
-36 -40 -41 -72 -57 -79 -70 4
-36 -40 -49 -72 -53 -79 -70 4
-36 -50 -49 -72 -58 -80 -70 4
-36 -48 -49 -72 -58 -66 -70 4
-37 -48 -49 -73 -59 -81 -71 4
-36 -49 -49 -73 -56 -66 -71 4
-36 -48 -49 -73 -57 -66 -71 4
-37 -48 -49 -73 -53 -65 -71 4
-37 -49 -49 -73 -62 -65 -71 4
-36 -50 -49 -73 -54 -65 -71 4
-36 -50 -49 -73 -57 -65 -71 4
-36 -42 -49 -73 -58 -77 -71 4
-50 -40 -49 -73 -58 -77 -71 4
-36 -41 -49 -73 -55 -79 -71 4
-37 -51 -49 -73 -57 -65 -71 4
-37 -51 -49 -75 -59 -78 -71 4
-37 -51 -49 -75 -54 -64 -71 4
-37 -41 -49 -75 -57 -64 -71 4
-37 -48 -49 -75 -63 -64 -71 4
-37 -40 -49 -75 -54 -64 -71 4
-37 -41 -42 -75 -57 -64 -71 4
-38 -41 -42 -75 -54 -65 -71 4
-38 -40 -42 -75 -56 -66 -70 4
-38 -41 -42 -75 -56 -65 -70 4
-38 -41 -42 -75 -58 -80 -71 4
-38 -50 -42 -75 -57 -80 -69 4
-37 -40 -42 -75 -56 -80 -69 4
-37 -41 -42 -75 -54 -80 -69 4
-47 -56 -55 -64 -63 -63 -70 4
-43 -54 -55 -61 -59 -63 -71 4
-46 -54 -55 -58 -67 -63 -70 4
-48 -56 -55 -57 -55 -63 -70 4
-42 -42 -55 -60 -59 -63 -70 4
-41 -42 -55 -60 -61 -63 -70 4
-41 -44 -55 -60 -61 -63 -70 4
-42 -41 -43 -61 -59 -66 -73 4
-42 -41 -43 -60 -59 -66 -73 4
-42 -44 -43 -60 -55 -66 -73 4
-42 -42 -45 -60 -59 -66 -71 4
-42 -44 -45 -60 -55 -66 -71 4
-42 -42 -45 -58 -58 -66 -71 4
-42 -41 -42 -61 -55 -66 -66 4
-41 -42 -42 -61 -55 -66 -66 4
-42 -41 -42 -61 -59 -66 -66 4
-50 -44 -46 -60 -55 -66 -71 4
-42 -43 -46 -60 -60 -66 -71 4
-42 -43 -46 -60 -55 -63 -71 4
-41 -44 -46 -60 -59 -63 -69 4
-42 -44 -46 -59 -54 -63 -69 4
-42 -41 -46 -59 -60 -70 -69 4
-42 -41 -46 -59 -55 -70 -69 4
-42 -43 -46 -61 -59 -70 -69 4
-42 -41 -46 -61 -60 -70 -69 4
-42 -45 -46 -59 -60 -70 -73 4
-42 -44 -46 -60 -64 -70 -73 4
-41 -43 -46 -60 -54 -65 -73 4
-42 -46 -46 -59 -59 -65 -73 4
-41 -42 -46 -61 -54 -65 -73 4
-42 -41 -46 -60 -59 -65 -71 4
-42 -46 -46 -59 -64 -65 -71 4
-41 -46 -46 -60 -54 -65 -71 4
-42 -42 -46 -60 -59 -65 -67 4
-41 -46 -46 -60 -61 -65 -67 4
-43 -41 -46 -60 -59 -65 -67 4
-41 -43 -46 -59 -56 -65 -69 4
-42 -43 -46 -60 -55 -65 -69 4
-43 -46 -46 -60 -55 -65 -69 4
-42 -42 -46 -60 -59 -65 -69 4
-42 -42 -46 -60 -61 -65 -69 4
-42 -46 -46 -59 -59 -65 -69 4
-42 -41 -46 -59 -60 -65 -69 4
-42 -43 -46 -60 -61 -65 -69 4
-43 -46 -42 -59 -55 -65 -69 4
-42 -46 -42 -59 -59 -65 -69 4
-42 -41 -42 -60 -64 -65 -69 4
-42 -41 -42 -60 -55 -63 -69 4
-42 -41 -42 -60 -54 -64 -69 4
-42 -45 -42 -60 -64 -64 -69 4
-42 -44 -42 -60 -65 -64 -69 4
-42 -45 -42 -60 -54 -64 -69 4
-45 -42 -42 -60 -55 -64 -69 4
-42 -43 -42 -60 -59 -64 -69 4
-42 -42 -46 -60 -55 -64 -69 4
-42 -43 -46 -60 -60 -64 -67 4
-42 -42 -46 -60 -55 -64 -67 4
-42 -41 -46 -60 -60 -64 -67 4
-51 -46 -46 -60 -55 -65 -71 4
-42 -44 -46 -60 -60 -63 -71 4
-42 -46 -46 -60 -60 -63 -71 4
-42 -41 -46 -60 -55 -63 -71 4
-42 -41 -46 -60 -60 -63 -71 4
-43 -41 -46 -59 -60 -63 -71 4
-42 -41 -46 -59 -61 -63 -71 4
-42 -40 -46 -59 -60 -63 -71 4
-42 -41 -46 -59 -54 -63 -71 4
-43 -42 -46 -59 -60 -66 -72 4
-42 -41 -44 -61 -54 -66 -72 4
-42 -42 -44 -61 -61 -66 -72 4
-43 -42 -44 -61 -65 -66 -71 4
-42 -42 -46 -61 -54 -66 -71 4
-42 -41 -46 -61 -55 -66 -71 4
-41 -43 -46 -60 -56 -66 -71 4
-42 -42 -46 -59 -65 -66 -71 4
-42 -42 -46 -59 -54 -66 -71 4
-43 -44 -46 -59 -54 -65 -71 4
-42 -44 -46 -60 -60 -65 -71 4
-42 -46 -43 -60 -55 -65 -71 4
-42 -43 -43 -60 -55 -65 -71 4
-43 -44 -43 -60 -59 -68 -71 4
-42 -42 -43 -59 -54 -68 -71 4
-42 -41 -43 -59 -59 -68 -71 4
-43 -42 -43 -59 -55 -67 -72 4
-42 -43 -43 -59 -55 -67 -72 4
-42 -42 -43 -60 -56 -67 -72 4
-42 -45 -43 -59 -55 -65 -72 4
-43 -42 -43 -61 -55 -65 -72 4
-42 -46 -43 -61 -65 -65 -70 4
-43 -46 -43 -60 -59 -65 -70 4
-43 -46 -43 -60 -55 -64 -70 4
-42 -43 -43 -61 -60 -66 -71 4
-42 -46 -43 -60 -54 -66 -71 4
-42 -46 -43 -60 -60 -66 -71 4
-42 -41 -43 -59 -55 -66 -71 4
-42 -42 -43 -59 -61 -66 -71 4
-42 -42 -43 -60 -54 -66 -71 4
-42 -44 -43 -59 -59 -66 -71 4
-42 -46 -44 -59 -54 -66 -71 4
-42 -46 -44 -59 -54 -66 -71 4
-42 -42 -44 -60 -55 -66 -71 4
-42 -46 -46 -60 -63 -66 -71 4
-42 -46 -46 -59 -60 -66 -71 4
-43 -45 -46 -60 -54 -66 -71 4
-42 -41 -46 -60 -60 -66 -73 4
-42 -43 -46 -60 -54 -66 -73 4
-42 -42 -46 -59 -59 -66 -73 4
-42 -42 -43 -60 -54 -65 -73 4
-42 -43 -43 -59 -60 -65 -73 4
-43 -41 -43 -60 -59 -65 -73 4
-43 -41 -44 -60 -55 -65 -73 4
-43 -42 -44 -59 -65 -63 -73 4
-42 -46 -44 -59 -60 -64 -73 4
-43 -46 -42 -59 -55 -66 -73 4
-43 -41 -42 -59 -59 -63 -73 4
-42 -44 -42 -59 -54 -63 -73 4
-42 -43 -45 -60 -59 -65 -73 4
-41 -46 -45 -60 -60 -65 -73 4
-43 -42 -45 -59 -65 -65 -70 4
-42 -46 -43 -60 -54 -65 -72 4
-42 -44 -43 -58 -59 -65 -72 4
-42 -41 -43 -60 -55 -65 -74 4
-42 -42 -43 -59 -60 -65 -74 4
-42 -43 -43 -59 -54 -65 -74 4
-42 -43 -45 -60 -59 -65 -71 4
-50 -42 -45 -59 -61 -65 -70 4
-42 -42 -45 -59 -60 -65 -70 4
-42 -42 -45 -59 -55 -65 -73 4
-42 -46 -45 -59 -55 -64 -73 4
-42 -46 -45 -60 -60 -66 -75 4
-43 -46 -45 -59 -60 -66 -75 4
-43 -46 -45 -58 -55 -66 -75 4
-43 -41 -45 -59 -59 -65 -72 4
-43 -46 -45 -61 -55 -65 -72 4
-43 -44 -45 -60 -58 -66 -72 4
-43 -43 -45 -59 -60 -66 -72 4
-42 -46 -45 -59 -53 -66 -72 4
-43 -44 -45 -58 -55 -66 -72 4
-49 -44 -45 -59 -60 -66 -72 4
-42 -44 -45 -59 -58 -66 -72 4
-42 -44 -45 -59 -55 -66 -72 4
-42 -44 -45 -59 -59 -66 -72 4
-42 -42 -45 -59 -54 -66 -72 4
-43 -46 -45 -59 -58 -66 -72 4
-43 -41 -45 -59 -55 -66 -72 4
-43 -42 -45 -59 -59 -66 -74 4
-42 -44 -45 -58 -55 -66 -74 4
-42 -44 -45 -59 -65 -66 -74 4
-42 -43 -45 -59 -60 -66 -74 4
-42 -44 -45 -59 -55 -66 -74 4
-54 -32 -29 -79 -61 -75 -83 5
-51 -32 -33 -79 -57 -75 -83 5
-51 -33 -33 -79 -57 -75 -83 5
-50 -30 -33 -79 -57 -75 -83 5
-48 -28 -33 -79 -55 -75 -83 5
-49 -32 -34 -79 -56 -75 -83 5
-48 -29 -34 -79 -56 -75 -83 5
-49 -32 -34 -79 -58 -75 -83 5
-50 -33 -34 -79 -62 -75 -83 5
-49 -33 -34 -79 -56 -75 -83 5
-49 -30 -34 -79 -57 -75 -83 5
-49 -28 -33 -79 -57 -75 -83 5
-48 -33 -33 -79 -56 -75 -83 5
-49 -30 -33 -79 -62 -75 -83 5
-49 -31 -33 -79 -56 -75 -83 5
-49 -32 -30 -72 -57 -75 -83 5
-49 -33 -30 -72 -58 -75 -83 5
-48 -30 -30 -72 -58 -75 -83 5
-49 -29 -30 -72 -64 -73 -83 5
-49 -28 -30 -72 -57 -73 -83 5
-49 -29 -30 -72 -57 -73 -83 5
-49 -29 -30 -72 -59 -73 -83 5
-48 -32 -30 -72 -57 -73 -83 5
-50 -33 -30 -72 -58 -73 -83 5
-50 -32 -30 -72 -59 -73 -83 5
-50 -31 -30 -72 -58 -73 -83 5
-50 -32 -30 -72 -57 -73 -83 5
-50 -32 -30 -72 -64 -73 -83 5
-49 -33 -30 -72 -57 -75 -83 5
-50 -33 -30 -72 -62 -75 -83 5
-49 -32 -30 -72 -56 -75 -83 5
-51 -32 -29 -73 -56 -75 -83 5
-51 -30 -33 -72 -62 -75 -83 5
-51 -32 -33 -72 -59 -75 -83 5
-51 -29 -33 -72 -58 -75 -83 5
-50 -30 -33 -72 -58 -75 -83 5
-51 -29 -33 -72 -57 -75 -83 5
-51 -32 -33 -72 -58 -75 -83 5
-51 -32 -33 -72 -59 -69 -83 5
-51 -28 -33 -72 -64 -75 -83 5
-51 -32 -33 -73 -56 -75 -83 5
-51 -33 -33 -73 -56 -75 -83 5
-51 -28 -33 -73 -58 -75 -83 5
-51 -30 -33 -73 -58 -75 -83 5
-51 -29 -33 -73 -58 -75 -83 5
-51 -32 -29 -73 -57 -75 -83 5
-50 -33 -29 -73 -59 -75 -83 5
-51 -29 -29 -73 -57 -75 -83 5
-51 -32 -29 -73 -56 -75 -83 5
-51 -30 -29 -73 -58 -73 -83 5
-50 -33 -29 -73 -58 -73 -83 5
-50 -33 -30 -73 -58 -74 -83 5
-51 -32 -30 -73 -59 -74 -83 5
-50 -32 -30 -73 -58 -74 -83 5
-51 -33 -30 -73 -58 -74 -80 5
-50 -33 -33 -73 -58 -73 -80 5
-50 -30 -33 -73 -57 -73 -80 5
-51 -29 -33 -73 -56 -73 -80 5
-51 -29 -33 -73 -56 -73 -80 5
-51 -32 -33 -73 -57 -73 -80 5
-51 -33 -33 -73 -57 -73 -80 5
-51 -28 -33 -73 -57 -73 -80 5
-51 -30 -33 -73 -57 -73 -80 5
-51 -30 -33 -73 -57 -73 -80 5
-50 -29 -30 -73 -56 -73 -83 5
-51 -33 -30 -74 -57 -73 -83 5
-51 -32 -30 -74 -57 -73 -83 5
-51 -32 -30 -74 -57 -73 -83 5
-51 -32 -33 -74 -56 -73 -83 5
-51 -32 -33 -74 -62 -73 -83 5
-51 -28 -33 -74 -58 -73 -83 5
-50 -30 -33 -74 -59 -73 -83 5
-51 -29 -33 -74 -58 -73 -83 5
-50 -33 -29 -74 -58 -73 -83 5
-50 -32 -29 -74 -58 -72 -83 5
-51 -33 -29 -74 -65 -72 -83 5
-51 -30 -29 -73 -56 -72 -83 5
-51 -29 -29 -73 -56 -72 -83 5
-51 -30 -29 -73 -59 -72 -83 5
-51 -33 -29 -73 -58 -72 -83 5
-50 -32 -29 -73 -59 -72 -83 5
-51 -32 -29 -73 -59 -72 -83 5
-50 -32 -33 -73 -59 -72 -83 5
-51 -29 -33 -73 -59 -72 -83 5
-50 -29 -33 -73 -59 -72 -83 5
-49 -30 -33 -73 -58 -72 -83 5
-50 -32 -33 -73 -58 -72 -83 5
-51 -32 -30 -73 -55 -72 -83 5
-50 -32 -30 -73 -59 -72 -83 5
-50 -33 -30 -73 -59 -73 -83 5
-50 -30 -30 -73 -59 -73 -83 5
-50 -32 -30 -73 -61 -73 -83 5
-51 -30 -30 -73 -56 -73 -83 5
-51 -29 -33 -73 -58 -73 -83 5
-51 -29 -33 -73 -57 -73 -83 5
-50 -30 -33 -73 -58 -73 -83 5
-51 -33 -33 -73 -56 -73 -83 5
-50 -32 -33 -73 -58 -73 -83 5
-51 -30 -33 -73 -64 -72 -83 5
-51 -32 -33 -73 -64 -71 -83 5
-51 -30 -33 -73 -57 -71 -83 5
-50 -33 -33 -73 -60 -71 -83 5
-51 -29 -33 -73 -58 -71 -83 5
-50 -32 -33 -73 -58 -71 -83 5
-51 -33 -33 -73 -55 -72 -83 5
-50 -30 -33 -73 -64 -71 -83 5
-51 -33 -30 -73 -56 -73 -83 5
-51 -30 -30 -73 -59 -73 -83 5
-51 -33 -30 -73 -56 -73 -83 5
-51 -30 -30 -73 -57 -73 -83 5
-50 -32 -30 -73 -56 -73 -83 5
-50 -32 -33 -73 -56 -73 -83 5
-50 -29 -33 -73 -57 -73 -83 5
-51 -29 -33 -73 -59 -73 -83 5
-51 -29 -33 -73 -57 -73 -83 5
-51 -30 -33 -73 -60 -73 -83 5
-50 -33 -33 -73 -59 -73 -83 5
-51 -32 -33 -73 -59 -73 -83 5
-50 -28 -33 -73 -56 -73 -83 5
-51 -29 -33 -73 -58 -73 -83 5
-50 -33 -33 -73 -56 -73 -83 5
-50 -29 -33 -73 -60 -73 -83 5
-50 -33 -33 -73 -59 -73 -83 5
-51 -33 -33 -73 -56 -72 -83 5
-50 -32 -33 -73 -58 -72 -83 5
-51 -30 -33 -73 -58 -72 -83 5
-50 -30 -33 -73 -58 -72 -83 5
-51 -32 -29 -73 -57 -73 -83 5
-51 -32 -29 -73 -57 -74 -83 5
-51 -29 -29 -72 -57 -74 -83 5
-51 -29 -29 -72 -57 -74 -83 5
-50 -32 -29 -72 -59 -74 -83 5
-50 -33 -34 -72 -58 -74 -83 5
-51 -29 -29 -72 -57 -72 -83 5
-51 -29 -29 -72 -57 -72 -83 5
-50 -32 -29 -72 -59 -72 -83 5
-51 -32 -29 -72 -59 -72 -83 5
-50 -32 -29 -72 -59 -72 -83 5
-51 -30 -33 -72 -59 -72 -83 5
-51 -30 -33 -72 -58 -72 -83 5
-50 -30 -33 -72 -58 -72 -83 5
-51 -32 -33 -72 -56 -72 -83 5
-50 -32 -33 -72 -58 -72 -83 5
-50 -30 -33 -72 -58 -72 -83 5
-51 -33 -33 -72 -61 -72 -83 5
-50 -28 -33 -72 -59 -72 -83 5
-51 -32 -33 -72 -58 -72 -83 5
-50 -29 -33 -72 -59 -72 -83 5
-51 -30 -33 -72 -64 -74 -83 5
-50 -30 -33 -72 -56 -74 -83 5
-50 -30 -33 -72 -58 -74 -83 5
-51 -29 -33 -72 -57 -74 -83 5
-51 -32 -33 -72 -56 -73 -83 5
-51 -32 -33 -72 -56 -73 -83 5
-51 -29 -33 -72 -62 -73 -83 5
-51 -33 -33 -73 -57 -73 -83 5
-51 -32 -30 -72 -58 -73 -83 5
-50 -32 -30 -72 -57 -73 -83 5
-51 -30 -30 -72 -63 -74 -83 5
-51 -29 -30 -72 -57 -74 -83 5
-50 -29 -33 -72 -57 -74 -83 5
-50 -33 -33 -72 -56 -74 -83 5
-50 -32 -33 -72 -57 -74 -83 5
-51 -32 -33 -72 -62 -74 -83 5
-51 -32 -33 -73 -56 -74 -83 5
-51 -32 -33 -73 -59 -74 -83 5
-50 -33 -33 -73 -58 -74 -83 5
-51 -33 -33 -73 -57 -74 -83 5
-51 -30 -33 -73 -57 -74 -83 5
-50 -30 -33 -73 -57 -74 -83 5
-51 -33 -33 -73 -59 -74 -83 5
-50 -30 -33 -73 -59 -74 -83 5
-50 -30 -33 -73 -56 -74 -83 5
-51 -29 -29 -73 -58 -74 -83 5
-51 -30 -29 -73 -56 -74 -83 5
-51 -29 -29 -73 -59 -73 -83 5
-50 -28 -29 -73 -57 -73 -83 5
-51 -32 -29 -73 -56 -73 -83 5
-51 -30 -29 -73 -56 -73 -83 5
-51 -30 -29 -73 -58 -73 -83 5
-51 -33 -29 -73 -55 -73 -83 5
-50 -32 -29 -73 -58 -74 -83 5
-51 -33 -29 -73 -63 -73 -83 5
-50 -28 -29 -72 -58 -73 -83 5
-51 -29 -29 -73 -57 -73 -83 5
-50 -33 -29 -73 -56 -73 -83 5
-51 -29 -29 -73 -58 -73 -83 5
-51 -29 -29 -73 -59 -73 -83 5
-51 -32 -29 -73 -56 -73 -83 5
-50 -30 -29 -73 -56 -73 -83 5
-50 -30 -29 -73 -59 -73 -83 5
-50 -32 -29 -73 -59 -73 -83 5
-51 -32 -29 -73 -59 -73 -83 5
-51 -32 -29 -72 -59 -73 -83 5
-50 -29 -29 -72 -57 -73 -83 5
-51 -29 -29 -72 -57 -73 -83 5
-51 -29 -29 -72 -57 -74 -83 5
-50 -33 -29 -72 -59 -74 -83 5
-51 -30 -29 -72 -59 -74 -83 5
-51 -30 -29 -72 -57 -74 -83 5
-51 -33 -29 -72 -56 -73 -83 5
-51 -28 -29 -72 -62 -74 -83 5
-50 -28 -29 -73 -56 -74 -83 5
-51 -33 -29 -73 -57 -74 -83 5
-50 -32 -29 -73 -59 -74 -83 5
-51 -30 -30 -73 -58 -73 -83 5
-50 -29 -29 -73 -59 -73 -83 5
-50 -30 -29 -73 -58 -73 -83 5
-51 -32 -29 -73 -57 -73 -83 5
-51 -33 -29 -73 -59 -73 -83 5
-50 -28 -29 -73 -60 -72 -83 5
-50 -31 -29 -73 -57 -72 -83 5
-51 -29 -29 -73 -60 -72 -83 5
-51 -29 -29 -73 -58 -72 -83 5
-50 -30 -32 -73 -58 -72 -83 5
-51 -30 -32 -73 -56 -72 -83 5
-51 -33 -32 -73 -58 -72 -83 5
-51 -32 -32 -73 -59 -72 -83 5
-50 -29 -33 -73 -59 -72 -83 5
-50 -29 -33 -73 -58 -72 -83 5
-51 -32 -33 -73 -58 -72 -83 5
-51 -33 -33 -73 -64 -72 -83 5
-51 -33 -33 -73 -58 -72 -83 5
-50 -32 -33 -73 -59 -72 -83 5
-50 -30 -33 -73 -58 -72 -83 5
-50 -32 -33 -73 -57 -73 -83 5
-51 -29 -33 -73 -57 -73 -83 5
-50 -29 -33 -73 -56 -73 -83 5
-51 -30 -33 -73 -58 -73 -83 5
-50 -30 -33 -73 -64 -74 -83 5
-51 -33 -33 -73 -62 -73 -83 5
-51 -33 -33 -73 -57 -73 -83 5
-50 -30 -32 -72 -56 -73 -83 5
-50 -30 -32 -72 -64 -75 -83 5
-51 -29 -32 -72 -57 -75 -83 5
-51 -33 -32 -72 -57 -75 -83 5
-51 -32 -32 -72 -57 -75 -83 5
-51 -32 -32 -72 -57 -75 -83 5
-51 -29 -32 -72 -56 -72 -83 5
-51 -32 -32 -72 -56 -72 -83 5
-51 -32 -32 -72 -59 -72 -83 5
-51 -32 -29 -72 -56 -72 -83 5
-51 -30 -29 -72 -58 -72 -83 5
-51 -30 -29 -72 -58 -73 -83 5
-51 -33 -29 -72 -57 -73 -83 5
-51 -33 -29 -73 -56 -73 -83 5
-51 -29 -29 -73 -58 -73 -83 5
-50 -30 -29 -73 -56 -73 -83 5
-50 -32 -29 -73 -62 -73 -83 5
-51 -30 -33 -73 -56 -73 -83 5
-51 -32 -33 -73 -57 -73 -83 5
-51 -30 -33 -73 -56 -73 -83 5
-50 -31 -33 -73 -56 -74 -83 5
-50 -29 -33 -72 -58 -74 -83 5
-50 -33 -33 -72 -57 -74 -83 5
-50 -28 -33 -73 -57 -74 -83 5
-51 -29 -33 -73 -59 -74 -83 5
-51 -30 -33 -73 -58 -74 -83 5
-51 -33 -33 -73 -58 -74 -83 5
-51 -29 -29 -72 -58 -74 -83 5
-50 -30 -29 -72 -57 -74 -83 5
-51 -33 -29 -72 -57 -74 -83 5
-51 -32 -29 -72 -57 -74 -83 5
-51 -28 -29 -72 -57 -74 -83 5
-51 -29 -29 -72 -57 -74 -83 5
-50 -30 -29 -72 -64 -74 -83 5
-51 -30 -32 -73 -58 -74 -83 5
-51 -32 -32 -73 -57 -74 -83 5
-51 -29 -32 -73 -57 -74 -83 5
-51 -33 -32 -73 -57 -74 -83 5
-50 -32 -32 -73 -57 -74 -83 5
-51 -33 -32 -73 -56 -74 -83 5
-51 -33 -32 -73 -58 -74 -83 5
-50 -29 -32 -73 -60 -74 -83 5
-51 -33 -32 -73 -57 -74 -83 5
-50 -29 -30 -73 -57 -74 -83 5
-51 -33 -30 -73 -59 -74 -83 5
-50 -30 -30 -73 -60 -74 -83 5
-50 -33 -30 -73 -57 -74 -83 5
-50 -29 -30 -73 -57 -74 -83 5
-51 -28 -30 -73 -59 -74 -83 5
-51 -33 -30 -73 -58 -74 -83 5
-50 -33 -30 -73 -58 -74 -83 5
-50 -32 -32 -73 -58 -74 -83 5
-50 -29 -32 -73 -58 -74 -83 5
-51 -30 -32 -73 -58 -74 -83 5
-50 -32 -32 -73 -59 -74 -83 5
-51 -32 -32 -73 -63 -74 -83 5
-50 -30 -30 -73 -57 -73 -83 5
-51 -28 -30 -73 -64 -73 -83 5
-51 -34 -30 -73 -59 -73 -83 5
-50 -29 -30 -73 -59 -73 -83 5
-51 -29 -30 -72 -56 -74 -83 5
-50 -30 -30 -72 -60 -74 -83 5
-51 -30 -32 -72 -59 -73 -83 5
-50 -29 -30 -72 -63 -73 -83 5
-51 -28 -30 -73 -59 -73 -83 5
-51 -30 -30 -73 -57 -73 -83 5
-51 -28 -32 -73 -57 -74 -83 5
-50 -33 -32 -73 -63 -74 -83 5
